Experimento;pedido à resposta (microsseg);entre respostas (microsseg);
1;269420;0;
2;567565;298145;
3;859965;292400;
4;1135839;275874;
5;1409131;273292;
6;1673945;264814;
7;1935768;261823;
8;2227908;292140;
9;2495983;268075;
10;2759445;263462;
11;3040503;281058;
12;3311318;270815;
13;3617049;305731;
14;3879358;262309;
15;4169130;289772;
16;4448892;279762;
17;4718419;269527;
18;5007590;289171;
19;5286145;278555;
20;5551729;265584;
21;5831676;279947;
22;6132192;300516;
23;6417200;285008;
24;6681990;264790;
25;6951162;269172;
26;7220289;269127;
27;7485159;264870;
28;7759122;273963;
29;8058897;299775;
30;8354920;296023;
31;8654356;299436;
32;8929207;274851;
33;9197329;268122;
34;9459216;261887;
35;9743976;284760;
36;10007926;263950;
37;10305460;297534;
38;10586357;280897;
39;10874573;288216;
40;11179800;305227;
41;11459595;279795;
42;11724501;264906;
43;11992227;267726;
44;12284935;292708;
45;12566957;282022;
46;12851887;284930;
47;13121407;269520;
48;13405412;284005;
49;13688125;282713;
50;13974464;286339;
51;14250756;276292;
52;14517654;266898;
53;14796548;278894;
54;15063806;267258;
55;15345289;281483;
56;15653336;308047;
57;15948578;295242;
58;16225779;277201;
59;16485041;259262;
60;16764136;279095;
61;17035323;271187;
62;17331169;295846;
63;17602594;271425;
64;17887525;284931;
65;18163588;276063;
66;18419477;255889;
67;18687619;268142;
68;18955583;267964;
69;19236807;281224;
70;19495230;258423;
71;19762143;266913;
72;20041828;279685;
73;20318236;276408;
74;20595259;277023;
75;20882110;286851;
76;21172334;290224;
77;21447652;275318;
78;21735424;287772;
79;22004582;269158;
80;22287592;283010;
81;22581296;293704;
82;22848859;267563;
83;23114852;265993;
84;23382675;267823;
85;23679448;296773;
86;23943819;264371;
87;24212363;268544;
88;24476232;263869;
89;24760049;283817;
90;25022471;262422;
91;25295319;272848;
92;25599281;303962;
93;25873179;273898;
94;26165431;292252;
95;26467707;302276;
96;26737037;269330;
97;27002303;265266;
98;27288347;286044;
99;27571481;283134;
100;27844872;273391;
101;28102967;258095;
102;28388335;285368;
103;28655908;267573;
104;28931171;275263;
105;29223460;292289;
106;29484565;261105;
107;29756830;272265;
108;30038715;281885;
109;30332681;293966;
110;30597015;264334;
111;30860379;263364;
112;31133012;272633;
113;31406653;273641;
114;31690693;284040;
115;31965798;275105;
116;32249142;283344;
117;32527110;277968;
118;32790772;263662;
119;33071846;281074;
120;33353315;281469;
121;33619188;265873;
122;33893178;273990;
123;34168140;274962;
124;34447047;278907;
125;34729084;282037;
126;34990852;261768;
127;35290345;299493;
128;35555959;265614;
129;35831068;275109;
130;36114096;283028;
131;36380153;266057;
132;36655015;274862;
133;36939199;284184;
134;37215497;276298;
135;37474867;259370;
136;37755370;280503;
137;38031207;275837;
138;38308895;277688;
139;38569228;260333;
140;38827746;258518;
141;39103942;276196;
142;39375162;271220;
143;39658980;283818;
144;39939300;280320;
145;40213180;273880;
146;40476923;263743;
147;40744954;268031;
148;41017236;272282;
149;41287666;270430;
150;41560452;272786;
151;41829116;268664;
152;42098612;269496;
153;42392798;294186;
154;42671367;278569;
155;42934440;263073;
156;43235211;300771;
157;43539106;303895;
158;43844288;305182;
159;44108304;264016;
160;44391797;283493;
161;44659050;267253;
162;44935508;276458;
163;45218894;283386;
164;45495155;276261;
165;45774657;279502;
166;46075162;300505;
167;46382429;307267;
168;46683355;300926;
169;46979555;296200;
170;47247138;267583;
171;47508916;261778;
172;47777769;268853;
173;48054941;277172;
174;48338936;283995;
175;48604386;265450;
176;48870514;266128;
177;49170188;299674;
178;49464325;294137;
179;49728845;264520;
180;49999000;270155;
181;50282496;283496;
182;50550687;268191;
183;50847022;296335;
184;51129002;281980;
185;51411023;282021;
186;51678148;267125;
187;51978972;300824;
188;52250642;271670;
189;52542139;291497;
190;52851327;309188;
191;53123583;272256;
192;53416764;293181;
193;53689850;273086;
194;53958835;268985;
195;54255739;296904;
196;54528484;272745;
197;54803931;275447;
198;55083901;279970;
199;55351746;267845;
200;55612537;260791;
201;55875831;263294;
202;56138303;262472;
203;56420477;282174;
204;56687334;266857;
205;56967011;279677;
206;57245956;278945;
207;57524710;278754;
208;57797714;273004;
209;58086506;288792;
210;58374352;287846;
211;58647075;272723;
212;58916035;268960;
213;59180220;264185;
214;59453614;273394;
215;59722271;268657;
216;59993926;271655;
217;60281047;287121;
218;60542723;261676;
219;60823248;280525;
220;61096115;272867;
221;61371261;275146;
222;61648915;277654;
223;61906363;257448;
224;62187079;280716;
225;62463859;276780;
226;62729069;265210;
227;62987585;258516;
228;63252844;265259;
229;63520982;268138;
230;63783018;262036;
231;64059292;276274;
232;64338310;279018;
233;64622485;284175;
234;64889926;267441;
235;65191727;301801;
236;65463180;271453;
237;65730828;267648;
238;65994791;263963;
239;66265632;270841;
240;66548544;282912;
241;66815407;266863;
242;67087278;271871;
243;67360864;273586;
244;67664923;304059;
245;67947793;282870;
246;68215563;267770;
247;68481120;265557;
248;68778891;297771;
249;69054895;276004;
250;69317922;263027;