Experimento;pedido à resposta (microsseg);resposta à verificação (microsseg);pedido à verificação (microsseg);
1;265921;43;265964;
2;271144;38;271182;
3;268548;45;268593;
4;259557;76;259633;
5;268704;38;268742;
6;269657;62;269719;
7;275189;53;275242;
8;280619;44;280663;
9;257806;44;257850;
10;260916;44;260960;
11;265646;45;265691;
12;279189;45;279234;
13;260857;43;260900;
14;255299;43;255342;
15;262962;43;263005;
16;269358;44;269402;
17;261690;44;261734;
18;262531;44;262575;
19;262401;43;262444;
20;259494;45;259539;
21;255574;44;255618;
22;254510;43;254553;
23;257484;58;257542;
24;254576;45;254621;
25;284404;44;284448;
26;267142;21;267163;
27;265705;43;265748;
28;267608;44;267652;
29;260237;44;260281;
30;261401;44;261445;
31;266069;43;266112;
32;259483;44;259527;
33;258749;43;258792;
34;260348;44;260392;
35;267371;67;267438;
36;259547;51;259598;
37;261701;44;261745;
38;264747;43;264790;
39;266174;43;266217;
40;268108;55;268163;
41;262999;44;263043;
42;269394;43;269437;
43;264447;44;264491;
44;270553;44;270597;
45;261480;44;261524;
46;268771;70;268841;
47;267528;44;267572;
48;264712;44;264756;
49;262532;44;262576;
50;269513;57;269570;
51;266646;43;266689;
52;262217;44;262261;
53;268328;44;268372;
54;273749;44;273793;
55;273975;44;274019;
56;262873;44;262917;
57;271532;59;271591;
58;266342;44;266386;
59;267662;44;267706;
60;272510;46;272556;
61;268849;44;268893;
62;271529;44;271573;
63;270154;44;270198;
64;269999;45;270044;
65;267567;44;267611;
66;265762;44;265806;
67;265355;43;265398;
68;261900;44;261944;
69;271635;34;271669;
70;273522;68;273590;
71;269500;44;269544;
72;266960;45;267005;
73;265394;44;265438;
74;266536;57;266593;
75;268480;35;268515;
76;266637;44;266681;
77;264131;43;264174;
78;270173;65;270238;
79;269783;43;269826;
80;272527;57;272584;
81;254661;68;254729;
82;257839;72;257911;
83;253933;45;253978;
84;271099;46;271145;
85;265485;43;265528;
86;260526;46;260572;
87;261426;44;261470;
88;264198;44;264242;
89;258744;44;258788;
90;260610;45;260655;
91;252894;44;252938;
92;255366;44;255410;
93;261545;44;261589;
94;262172;44;262216;
95;266745;45;266790;
96;261689;44;261733;
97;261462;88;261550;
98;264671;43;264714;
99;275653;44;275697;
100;268305;44;268349;