Experimento;2500 disp;5000 disp;7500 disp;10000 disp;12500 disp;15000 disp;17500 disp;20000 disp;
1;343;618;989;1307;1835;2033;2366;2846;
2;319;646;955;1332;1763;1932;2309;2736;
3;331;677;972;1413;1711;1949;2257;2518;
4;330;668;922;1271;1621;2051;2288;2656;
5;339;617;981;1247;1707;1986;2207;2891;
6;286;641;961;1252;1690;2000;2369;2624;
7;327;639;1041;1335;1580;2001;2269;2681;
8;331;654;955;1308;1787;1912;2252;2541;
9;319;647;1052;1292;1577;1993;2241;2730;
10;324;604;955;1316;1599;2013;2343;2581;
11;339;643;993;1240;1620;1955;2294;2506;
12;370;770;968;1331;1642;1854;2372;2665;
13;346;638;986;1274;1700;1877;2302;2623;
14;325;640;1040;1251;1711;2009;2347;2612;
15;345;664;1010;1329;1645;1889;2389;2732;
16;354;671;1109;1313;1722;1954;2353;2496;
17;342;650;981;1318;1685;2007;2268;2664;
18;328;670;956;1442;1669;2103;2328;2683;
19;320;623;1016;1365;1560;1947;2341;2523;
20;312;675;1008;1348;1639;2025;2450;2633;
21;338;714;1006;1351;1597;2028;2304;2656;
22;310;660;1023;1303;1624;1958;2291;2663;
23;340;623;973;1331;1737;2047;2404;2668;
24;334;680;1011;1377;1550;1932;2280;2607;
25;295;632;997;1290;1675;2021;2281;2588;
26;335;626;1029;1259;1661;1923;2248;2634;
27;348;657;997;1514;1634;1957;2358;2586;
28;321;647;953;1348;1629;2200;2356;2674;
29;289;662;1009;1338;1640;2008;2283;2567;
30;345;677;987;1354;1733;2013;2294;2626;
31;337;648;1021;1310;1544;2037;2285;2689;
32;322;638;945;1323;1634;1928;2370;2797;
33;337;716;974;1325;1548;1918;2231;2552;
34;368;668;1000;1285;1639;1902;2255;2529;
35;313;644;989;1304;1638;1933;2319;2600;
36;331;659;1006;1338;1644;2007;2375;2642;
37;329;652;955;1329;1714;1907;2243;2630;
38;339;658;998;1292;1653;2044;2242;2502;
39;302;678;1017;1358;1555;1903;2398;2642;
40;292;645;980;1294;1589;2008;2271;2619;
41;325;653;975;1265;1640;1907;2201;2705;
42;313;648;976;1284;1679;1918;2404;2650;
43;331;661;1003;1284;1643;1918;2326;2622;
44;314;612;1000;1359;1728;2062;2211;2696;
45;300;639;1065;1332;1737;2006;2209;2617;
46;332;580;1017;1367;1677;1994;2336;2725;
47;318;658;998;1259;1575;1962;2247;2633;
48;303;606;1018;1358;1698;1966;2288;2584;
49;323;658;1209;1335;1608;1996;2235;2542;
50;441;657;1049;1299;1565;1891;2325;2607;
51;335;653;1004;1328;1610;1954;2229;2573;
52;318;641;1283;1329;1733;1986;2315;2618;
53;314;658;988;1310;1662;1983;2290;2696;
54;308;703;992;1308;1618;1874;2199;2601;
55;372;656;999;1398;1742;1985;2256;2650;
56;298;695;990;1301;1752;1895;2346;2742;
57;311;615;960;1278;1542;1947;2349;2701;
58;321;646;985;1364;1799;2023;2336;2674;
59;350;702;987;1286;1601;2139;2398;3432;
60;326;617;916;1247;1624;1957;2402;2654;
61;331;676;1046;1315;1594;1920;2224;2745;
62;320;639;992;1295;1638;2078;2255;2527;
63;324;630;1001;1229;1557;2037;2343;2663;
64;296;627;1015;1394;1682;1969;2216;2620;
65;344;640;981;1297;1693;1932;2362;2631;
66;318;632;995;1318;1683;2046;2288;2661;
67;322;584;966;1247;1607;1873;2316;2565;
68;321;699;965;1306;1683;2066;2386;2562;
69;323;727;954;1378;1606;1992;2325;2611;
70;323;629;952;1404;1669;1973;2401;2786;
71;319;628;1003;1345;1715;1982;2226;2711;
72;319;644;1008;1302;1562;2009;2266;2619;
73;325;650;982;1327;1611;1974;2237;2672;
74;327;654;947;1288;1717;1884;2318;2594;
75;314;644;1005;1272;1635;2030;2242;2609;
76;333;686;987;1253;1591;2170;2237;2760;
77;345;668;991;1341;1641;2041;2284;2771;
78;287;659;985;1479;1558;1924;2417;2595;
79;335;623;1007;1279;1570;2054;2348;2644;
80;320;642;1150;1322;1623;1921;2321;2628;
81;358;680;947;1268;1553;1942;2229;2599;
82;330;664;1012;1331;1601;1882;2360;2596;
83;357;631;1055;1386;1627;2006;2261;2705;
84;343;667;918;1202;1613;2057;2222;2652;
85;306;693;989;1311;1846;1986;2372;2729;
86;301;753;956;1366;1650;2022;2252;2687;
87;318;647;951;1277;1616;1992;2290;2681;
88;340;654;960;1235;1700;1957;2253;2715;
89;369;610;1019;1346;1599;1996;2421;2641;
90;314;658;986;1237;1641;1902;2282;2596;
91;325;693;941;1285;1623;1929;2367;2662;
92;322;658;1026;1345;1600;1893;2368;2779;
93;331;666;1023;1332;1644;1985;2438;2593;
94;342;641;990;1299;1690;1866;2331;2611;
95;324;635;1041;1348;1766;2017;2492;2558;
96;343;683;974;1354;1696;2050;2344;2696;
97;365;644;973;1320;1691;1884;2191;2590;
98;362;627;965;1283;1693;1961;2262;2659;
99;316;630;967;1315;1706;1981;2283;2610;
100;335;621;903;1282;1615;1948;2378;2706;