Experimento;2500 disp;5000 disp;7500 disp;10000 disp;12500 disp;15000 disp;17500 disp;20000 disp;
1;1730198;3373281;5032525;6695023;8480366;10048964;11671019;13338846;
2;1714167;3400758;5035644;6698629;8380760;10047428;11691001;13341595;
3;1736725;3364141;5039351;6723479;8427323;10166481;11675114;13311946;
4;1723023;3378743;5063512;6696369;8419172;10021488;11697716;13354858;
5;1709714;3369427;5037188;6697556;8363519;9989141;11668249;13319138;
6;1710213;3406917;5029760;6696720;8359895;10021922;11660723;13354141;
7;1725502;3370565;5029397;6720805;8349733;9986529;11696346;13329131;
8;1716371;3369764;5038248;6713555;8358136;9987725;11657478;13358461;
9;1712178;3372697;5026069;6709044;8371840;10029877;11693014;13341784;
10;1715069;3384396;5064057;6696982;8373865;10010918;11652539;13338765;
11;1709985;3370470;5030700;6696718;8378477;9992151;11666722;13349400;
12;1714917;3363941;5030404;6730176;8345348;10028102;11695207;13340296;
13;1706534;3364817;5036611;6702423;8339727;9990452;11671383;13375623;
14;1726569;3373227;5031837;6699150;8372254;9993405;11706880;13346374;
15;1702236;3365277;5064593;6702517;8341175;10040998;11673514;13377607;
16;1699996;3370814;5041390;6741229;8344707;10000501;11669490;13343367;
17;1736132;3364411;5028663;6700020;8342981;10000489;11711159;13370661;
18;1701188;3401441;5035304;6706598;8388381;10025289;11665598;13322024;
19;1705602;3370050;5042500;6704240;8346857;9987413;11701255;13359664;
20;1705588;3364082;5030323;6737228;8345213;9987605;11663965;13338002;
21;1702507;3366738;5060384;6710024;8376613;10024705;11668190;13357136;
22;1705003;3366873;5042154;6705313;8349683;9991303;11705902;13342215;
23;1713618;3367244;5041222;6710185;8352264;9986915;11670320;13338749;
24;1704088;3367243;5029946;6734996;8339564;10018724;11699726;13386909;
25;1698368;3368222;5040170;6714625;8380240;9987273;11663769;13334609;
26;1706268;3386170;5063276;6696007;8339375;9988816;11661949;13386470;
27;1701568;3365858;5036116;6701200;8346622;10020275;11699669;13337080;
28;1708136;3366029;5030937;6698503;8368823;9985844;11678999;13379764;
29;1715095;3364608;5037195;6732156;8345741;9988978;11705995;13340890;
30;1710648;3366050;5029327;6700488;8340241;10020050;11657971;13386017;
31;1734290;3362061;5031802;6695630;8347332;9979039;11657426;13347788;
32;1704648;3361692;5067667;6692255;8380601;10019539;11707280;13371158;
33;1710307;3365560;5032277;6737277;8412294;10007667;11665200;13322176;
34;1698225;3386980;5033298;6693373;8379701;10000142;11703461;13336487;
35;1701839;3368473;5036014;6692649;8444144;10039392;11662277;13363857;
36;1700313;3369399;5034934;6697556;8353402;10009015;11675867;13334035;
37;1695054;3367024;5062499;6732053;8340256;10002028;11707445;13366937;
38;1703569;3370701;5028358;6711204;8354223;10038917;11676694;13320411;
39;1701387;3364841;5038495;6715425;8367135;10006503;11704423;13360139;
40;1701788;3362890;5027955;6705533;8353500;9996554;11668235;13342209;
41;1700787;3367369;5032524;6745506;8347478;10033073;11672068;13371378;
42;1702454;3386243;5024230;6709174;8384069;9995495;11705925;13331638;
43;1703579;3364775;5072354;6705941;8347175;10000245;11713315;13351936;
44;1705911;3367444;5034391;6709415;8344518;10057654;11700011;13326629;
45;1730247;3362229;5035499;6708281;8372338;10005894;11664106;13336412;
46;1709584;3362520;5033771;6713995;8350992;10000406;11674237;13374583;
47;1706907;3367185;5036759;6714570;8354349;10044624;11705796;13331016;
48;1706073;3366631;5056908;6704773;8346350;9999499;11671456;13376260;
49;1698332;3363337;5038547;6696343;8380869;10000619;11696017;13328967;
50;1704354;3387455;5034300;6745337;8344948;10048542;11669631;13368122;
51;1700952;3365931;5036068;6702566;8344732;9996324;11667944;13336153;
52;1700965;3370301;5035044;6704155;8379287;10011070;11702840;13361232;
53;1705414;3361599;5037394;6696961;8346072;10044090;11667930;13341285;
54;1701505;3365645;5061498;6727334;8346142;10001626;11702713;13364444;
55;1699834;3364215;5032722;6700974;8343180;10006751;11668016;13339544;
56;1701099;3370726;5031949;6701277;8378814;10037327;11673168;13348296;
57;1702263;3369671;5041720;6766851;8351070;10004665;11706071;13367256;
58;1701054;3380637;5040912;6796615;8347229;10007158;11677468;13336005;
59;1703056;3368993;5035164;6785206;8372537;10046961;11698424;13372069;
60;1707736;3368503;5035186;6722120;8348684;9995971;11652870;13331806;
61;1705205;3371518;5026750;6709685;8345615;10030412;11665473;13366874;
62;1702341;3367713;5033152;6696480;8343095;10011673;11689086;13342838;
63;1700503;3369905;5039005;6703610;8384868;10002953;11656113;13367439;
64;1703719;3358729;5034673;6699520;8344496;10034338;11691803;13328639;
65;1700260;3369219;5071492;6702562;8340202;9999591;11658189;13383359;
66;1700827;3371128;5034881;6712051;8373869;10004474;11657331;13338416;
67;1699351;3372815;5036181;6740118;8344634;10038431;11694272;13336073;
68;1698399;3364073;5030604;6701927;8349471;10000424;11662261;13375889;
69;1702577;3369211;5032800;6710598;8347139;10008557;11693508;13326484;
70;1700749;3371008;5028776;6716019;8376955;10039453;11667143;13369397;
71;1707476;3367191;5063245;6733083;8340008;10009155;11670306;13347476;
72;1703816;3366447;5031511;6695455;8349188;9996612;11694172;13385406;
73;1698478;3370419;5029736;6695428;8379865;10034764;11655247;13340036;
74;1725266;3369831;5032004;6697448;8345641;9995119;11687390;13370351;
75;1703192;3367045;5025914;6734264;8349127;10007925;11669404;13336528;
76;1699773;3370546;5061617;6698578;8365612;10038647;11660491;13346137;
77;1699851;3367318;5031808;6701246;8374240;10001622;11700528;13326988;
78;1702778;3372828;5036268;6701891;8347011;10006119;11672146;13327475;
79;1704515;3365052;5032765;6706496;8360880;10050724;11693817;13363501;
80;1706165;3366056;5044875;6706604;8389766;10007538;11665266;13332189;
81;1703000;3367357;5035791;6704480;8359549;10005113;11652689;13367062;
82;1702656;3379402;5062258;6712618;8355093;10045320;11704281;13337893;
83;1702790;3370489;5038626;6709333;8391423;9992991;11655785;13367676;
84;1701628;3376572;5038427;6728261;8352261;9999589;11692471;13321929;
85;1704039;3370441;5029288;6705839;8366825;10043255;11657159;13370694;
86;1702486;3365160;5028734;6704878;8342580;9999444;11659594;13339416;
87;1704861;3372068;5064457;6710741;8372509;9997003;11693259;13367637;
88;1731802;3368153;5034683;6743514;8350221;10031743;11662187;13340210;
89;1700838;3369989;5034765;6716460;8349549;9993513;11711449;13325758;
90;1706198;3378245;5045666;6699391;8379213;10027970;11663671;13369565;
91;1702153;3365838;5029233;6717911;8341001;9990841;11657896;13326762;
92;1703937;3370641;5028423;6735475;8341375;9997477;11697111;13360964;
93;1702740;3364005;5058093;6708621;8363313;10025784;11662560;13340242;
94;1707184;3373781;5026821;6713651;8383013;10004674;11688731;13375762;
95;1703486;3364398;5027918;6706311;8351691;9994995;11662831;13341512;
96;1705782;3370455;5027495;6742609;8348636;10048626;11662249;13371991;
97;1701859;3361172;5029919;6716352;8380652;9995860;11687149;13342002;
98;1704239;3375481;5062531;6701726;8351210;10002692;11656468;13372750;
99;1703958;3374850;5029224;6705722;8359331;10037038;11688607;13333574;
100;1699269;3376174;5032709;6721707;8349466;10000513;11676830;13343749;