Experimento;pedido à resposta (microsseg);resposta à verificação (microsseg);pedido à verificação (microsseg);
1;272595;2874;275469;
2;270720;2868;273588;
3;285373;3074;288447;
4;269822;3137;272959;
5;267713;3098;270811;
6;265986;3149;269135;
7;269635;2127;271762;
8;277710;3084;280794;
9;265996;3005;269001;
10;263583;3001;266584;
11;263847;3066;266913;
12;263211;2995;266206;
13;265437;3018;268455;
14;270632;2995;273627;
15;261855;2952;264807;
16;263103;2976;266079;
17;257397;3116;260513;
18;272596;3005;275601;
19;273127;2971;276098;
20;267887;2766;270653;
21;277887;2444;280331;
22;274229;2810;277039;
23;261279;2967;264246;
24;273088;2934;276022;
25;270120;2890;273010;
26;265996;3149;269145;
27;262808;3011;265819;
28;265839;2947;268786;
29;270669;3137;273806;
30;277385;2961;280346;
31;278089;3011;281100;
32;279701;3026;282727;
33;265535;3065;268600;
34;269240;2989;272229;
35;262759;3007;265766;
36;263958;2314;266272;
37;268634;2914;271548;
38;275587;3045;278632;
39;267539;2978;270517;
40;261405;2960;264365;
41;267700;3060;270760;
42;282717;3089;285806;
43;263560;2870;266430;
44;267613;3002;270615;
45;279617;2826;282443;
46;273697;2965;276662;
47;267267;2997;270264;
48;267008;3005;270013;
49;263521;3008;266529;
50;257884;2636;260520;
51;259721;2888;262609;
52;274998;2885;277883;
53;272367;2790;275157;
54;274334;2832;277166;
55;267242;2930;270172;
56;273021;2892;275913;
57;262071;2824;264895;
58;259299;2866;262165;
59;255352;2803;258155;
60;270903;2716;273619;
61;266983;2581;269564;
62;266766;2945;269711;
63;263554;3067;266621;
64;257101;3046;260147;
65;270985;2477;273462;
66;265068;2818;267886;
67;267786;2864;270650;
68;254619;2811;257430;
69;273265;3085;276350;
70;266055;2186;268241;
71;261634;2896;264530;
72;261577;3002;264579;
73;260339;2886;263225;
74;263486;2853;266339;
75;261896;2785;264681;
76;277953;2808;280761;
77;262271;2900;265171;
78;258560;2911;261471;
79;261630;2895;264525;
80;261724;2958;264682;
81;258150;2852;261002;
82;259365;3049;262414;
83;279300;2877;282177;
84;271888;3036;274924;
85;260575;2827;263402;
86;271808;2749;274557;
87;266466;2885;269351;
88;262440;2884;265324;
89;264804;2838;267642;
90;283814;2764;286578;
91;261832;3061;264893;
92;269844;2954;272798;
93;273720;2946;276666;
94;281910;3092;285002;
95;270209;2806;273015;
96;262300;2873;265173;
97;261149;2900;264049;
98;266091;3079;269170;
99;278284;2971;281255;
100;273922;2929;276851;