Experimento;2500 disp;5000 disp;7500 disp;10000 disp;12500 disp;15000 disp;17500 disp;20000 disp;
1;11300;22492;33768;44761;58497;59835;78979;94984;
2;10333;22449;30268;45314;52983;64982;79366;91344;
3;12857;21756;34281;43375;53590;67517;70326;79514;
4;11524;22011;34327;45198;53634;66182;74097;94926;
5;11641;22736;34362;43861;54168;63323;74879;90295;
6;11662;22723;34474;45321;56695;76130;74297;77835;
7;11767;24206;34628;44701;61300;65014;82779;85036;
8;12427;22413;33508;45955;50197;63346;74752;84213;
9;11335;21348;33890;44125;57364;68505;84210;86489;
10;11354;22814;34255;48147;55151;58757;74367;84833;
11;11550;22262;34914;43094;55913;68627;73940;89611;
12;11415;22395;34671;43541;56534;72598;74589;79704;
13;11625;22375;35647;43753;54594;64317;74219;83926;
14;12044;21213;33393;42358;56238;70774;69256;84512;
15;11607;21057;34429;44319;52230;64119;79292;96319;
16;13857;23464;34193;43118;54279;67977;78880;84731;
17;10620;24021;32281;45018;54365;67313;76298;85884;
18;11489;23367;34235;43094;52078;64110;78098;79593;
19;11711;21936;33584;45391;52934;62378;73785;84805;
20;11621;21836;33612;45271;53365;64219;74957;85264;
21;11283;21287;34007;44945;53443;61803;85587;96239;
22;11523;23078;30241;44551;54906;61298;79206;98979;
23;10940;22347;36470;44790;50970;59216;74373;77892;
24;11366;22762;33920;43136;53549;63465;80034;84653;
25;11228;21135;35758;42020;54499;64087;76201;86174;
26;11303;21211;32908;43436;53704;62914;79295;95859;
27;10799;25622;34461;42564;54475;61366;83034;85469;
28;11412;22849;32905;46018;53177;67723;79371;85426;
29;12060;21584;34669;45500;54843;68002;71800;79911;
30;11571;20464;32380;43504;52985;63915;76257;84903;
31;14197;22336;34141;44790;55491;61061;74183;89857;
32;10769;22238;34021;44684;54268;69030;70713;89019;
33;12119;22090;32796;41811;52725;67070;81114;89277;
34;12984;21560;31651;42187;53230;67591;79731;84049;
35;11322;20382;37508;44799;49835;65825;76772;84844;
36;11247;23928;30176;42730;55720;63251;84670;85626;
37;10604;20983;37170;43775;52288;63428;69002;91068;
38;12123;22275;34791;43097;54367;59374;82093;84732;
39;11451;22237;36003;48052;52199;66991;79057;95317;
40;11269;20974;32373;41949;54297;64467;78914;78817;
41;10956;23460;34308;44317;56293;63842;76599;84486;
42;12015;23249;33561;45462;55685;67274;75338;96634;
43;12536;21927;30793;45809;58020;65179;80508;86130;
44;11675;21325;34526;45921;56079;63383;74447;88832;
45;11302;22304;33116;42775;52365;62351;76453;90223;
46;13258;21698;37197;45689;54092;60986;78871;90745;
47;10183;23395;33574;43998;54807;70664;83908;90545;
48;11938;20863;33871;46780;52776;64694;72991;98163;
49;10401;21629;32031;44852;54473;67794;68588;89784;
50;12989;22968;35508;45442;54268;64259;73946;83785;
51;11258;20936;34293;43160;52264;63458;75587;94206;
52;12350;21866;33714;45787;54403;59495;73491;83814;
53;10256;21989;35882;43189;60406;65054;78403;89993;
54;11817;21712;34846;42455;53722;64877;74580;90665;
55;10488;20850;34149;43069;52349;61272;75565;85880;
56;12286;21323;34390;46261;56949;61161;78142;89598;
57;11505;24777;37503;45583;54304;63347;74328;91088;
58;12522;21855;32503;45145;54602;63545;78783;83994;
59;11266;26648;32685;44589;54131;64310;87468;90201;
60;11627;21980;29881;45774;52082;63523;74430;84985;
61;10995;24493;36161;45119;51507;62716;78813;94486;
62;11087;21279;34021;45253;53631;63118;78800;79581;
63;11969;24307;34059;42180;53305;65758;79753;94826;
64;11346;21969;34507;43941;53730;63615;83551;85274;
65;11223;24240;33197;46226;54363;64067;86317;95472;
66;12379;21482;37076;45035;60515;63085;83771;84428;
67;11508;24152;31677;42702;57156;65064;74184;87302;
68;11066;22161;36047;45169;60248;66297;78809;83225;
69;11060;24454;32079;44782;57778;68522;85034;85459;
70;12083;21717;33721;45639;52589;75122;73564;99076;
71;11908;24390;33606;45802;53562;68662;73844;84588;
72;12898;22106;32502;46125;55670;68405;79153;84269;
73;11414;22756;33917;45307;60727;64911;74985;96234;
74;11828;20927;32393;45735;53618;61515;78979;85778;
75;11062;23943;34351;43852;55039;66230;73991;85106;
76;12069;24379;33119;45536;52651;63565;78319;94410;
77;10796;23843;34202;43044;54686;64334;73462;87372;
78;14767;22458;32826;45567;57083;62831;74826;95925;
79;11388;21385;34333;43231;54267;62092;76237;91592;
80;12036;23335;31468;42914;52947;93850;73864;79926;
81;10873;20106;34840;45450;54643;64977;80461;88856;
82;11753;22238;33150;43511;56197;66330;79404;92132;
83;11639;22284;33701;45672;53307;62300;79508;85627;
84;12251;23128;34799;46955;50668;59652;70666;83517;
85;11096;21209;31882;45517;52085;58958;72273;83788;
86;13470;23060;34347;45714;54034;59187;79079;85668;
87;12100;25181;32344;45735;60282;59651;82918;98347;
88;11586;23446;33930;45771;54831;58903;76603;90216;
89;11485;25324;31214;43425;52516;63176;85410;90108;
90;11373;23027;34288;45422;51029;65768;76737;94071;
91;11722;24114;33705;42572;56478;67003;74259;95651;
92;11812;25070;33181;46143;53551;59340;79112;90348;
93;11666;24759;33046;45316;53501;66856;73996;90456;
94;12277;22383;33230;43031;54026;63532;74046;86516;
95;12046;24589;32642;46135;51691;67076;79456;85383;
96;11564;21248;31903;43248;53401;67303;78270;93971;
97;11929;22344;34151;42478;53854;59063;75249;90760;
98;10865;23070;33849;45580;53641;63118;83933;85436;
99;11343;21832;32407;47653;51148;62661;73626;94974;
100;11312;22433;33649;47589;53442;63336;69025;97076;