Experimento;2500 disp;5000 disp;7500 disp;10000 disp;12500 disp;15000 disp;17500 disp;20000 disp;
1;1681689;3279406;4891327;6508016;8240267;9768517;11338440;12958685;
2;1666043;3305766;4892266;6511533;8146380;9766788;11364431;12971021;
3;1688121;3269878;4895369;6535619;8192064;9875753;11351371;12942364;
4;1674104;3278619;4922196;6509663;8182696;9736636;11370381;12982354;
5;1661735;3274977;4893084;6510235;8129400;9708800;11340466;12944317;
6;1662263;3309621;4889374;6507304;8126454;9740134;11334267;12981041;
7;1677129;3276501;4888864;6533166;8116223;9708379;11367797;12955553;
8;1667461;3275610;4894375;6522217;8123280;9707235;11332265;12985034;
9;1664131;3276758;4885061;6518101;8132819;9749174;11365968;12962062;
10;1667282;3289622;4919417;6510145;8133673;9725216;11328225;12966874;
11;1661399;3274159;4890061;6509790;8142457;9711899;11344271;12977178;
12;1667153;3269873;4890101;6541869;8110565;9747694;11368076;12968619;
13;1657907;3270893;4892966;6514909;8105299;9710644;11344920;13005686;
14;1678297;3276111;4891191;6512250;8137008;9714244;11380312;12974942;
15;1653650;3271247;4920041;6515210;8108742;9758619;11347600;13004047;
16;1652259;3275105;4896272;6549442;8111165;9718209;11344973;12971819;
17;1686604;3270055;4888886;6513073;8109502;9718947;11380924;12992119;
18;1653745;3304422;4894340;6519060;8153968;9744826;11336924;12951228;
19;1656757;3276112;4898827;6516130;8113048;9707939;11376181;12988784;
20;1657372;3270441;4889827;6549033;8111856;9707807;11338919;12960140;
21;1654590;3272634;4920602;6522690;8142008;9746550;11342047;12987575;
22;1656073;3272366;4898328;6517282;8115522;9712027;11377980;12969919;
23;1665343;3273064;4897391;6522675;8118005;9706856;11345070;12966286;
24;1655514;3272937;4889923;6545585;8106108;9738044;11373106;13015043;
25;1650808;3273522;4895711;6523014;8145591;9707607;11337792;12964746;
26;1658611;3291866;4922318;6508860;8105424;9709615;11335194;13011325;
27;1652844;3271635;4893294;6514193;8112716;9740827;11373776;12966461;
28;1660502;3271737;4889447;6511609;8136609;9707218;11353575;13008154;
29;1665863;3270594;4893916;6543221;8112792;9709632;11375139;12967781;
30;1662536;3272145;4888497;6512937;8106801;9737769;11331745;13010429;
31;1684754;3268448;4890961;6507077;8114755;9700454;11333947;12977792;
32;1657245;3267819;4922517;6505582;8145226;9739177;11382279;12989914;
33;1661587;3272333;4891355;6545466;8176680;9727171;11340294;12952993;
34;1650566;3290087;4891656;6507066;8144583;9720869;11377904;12962781;
35;1654210;3272648;4892080;6505749;8207461;9758378;11337449;12990213;
36;1651680;3273276;4894029;6511403;8118189;9729959;11348923;12961140;
37;1647855;3272996;4917821;6544469;8106527;9723002;11380901;12995603;
38;1654645;3276667;4888490;6520083;8121606;9759126;11348328;12950445;
39;1654312;3270267;4894632;6529377;8132414;9725647;11378280;12987412;
40;1653258;3268649;4888176;6519336;8120269;9714389;11344726;12971706;
41;1653523;3273709;4889377;6557159;8114903;9753378;11348814;12997305;
42;1653792;3289943;4883520;6522073;8151388;9715160;11379049;12961007;
43;1656011;3270996;4927557;6519338;8112928;9720812;11385135;12981610;
44;1657123;3273509;4893038;6522001;8110769;9770662;11374402;12955608;
45;1681896;3268560;4892389;6516926;8139352;9725819;11339256;12963020;
46;1660602;3268081;4893076;6527402;8117887;9720998;11348376;13001915;
47;1659159;3272704;4892391;6521923;8121434;9764164;11380757;12959289;
48;1656430;3272940;4916533;6517070;8113322;9719672;11346330;13003540;
49;1651084;3268929;4894604;6509152;8146227;9721102;11368316;12957420;
50;1656610;3289281;4892670;6552141;8110869;9767609;11343481;12996292;
51;1652291;3271972;4892229;6514499;8111602;9717020;11342250;12963626;
52;1653410;3273438;4893457;6517332;8143987;9731757;11377247;12989753;
53;1656511;3267902;4892192;6509015;8112882;9763103;11344557;12967550;
54;1653805;3271655;4919923;6540071;8112858;9722290;11378039;12993361;
55;1651014;3270459;4889291;6513133;8109430;9729623;11341072;12967400;
56;1652214;3275884;4891099;6513972;8144484;9758486;11348277;12969331;
57;1654319;3274559;4898290;6579212;8119048;9725763;11378179;12996982;
58;1653863;3286240;4900164;6605835;8113761;9728305;11345276;12964925;
59;1655635;3272906;4891245;6596307;8138620;9759134;11371826;12998485;
60;1660057;3274292;4892061;6534471;8112402;9716479;11326409;12961521;
61;1656566;3275202;4885702;6521889;8111713;9750680;11340058;12993266;
62;1654751;3273809;4891819;6509057;8110246;9732130;11363296;12971251;
63;1652890;3276130;4898308;6515537;8148866;9722223;11331528;12994379;
64;1655913;3265008;4894157;6512696;8109858;9753461;11364766;12958049;
65;1652736;3274940;4929423;6516055;8106451;9721266;11335231;12999206;
66;1653368;3277357;4894364;6521143;8139508;9724837;11330053;12967321;
67;1651852;3276318;4891633;6552232;8110939;9758498;11369234;12960622;
68;1650536;3270079;4889659;6515540;8115149;9722150;11337994;13004767;
69;1655164;3274383;4892165;6523365;8113466;9724532;11362488;12955772;
70;1653109;3276850;4888250;6524337;8141946;9759317;11342630;12995657;
71;1658397;3272868;4918732;6544542;8107318;9727768;11343622;12978114;
72;1656194;3271993;4890541;6508954;8113968;9719686;11366593;13010614;
73;1650759;3275836;4888619;6508304;8145191;9755216;11330475;12969320;
74;1677004;3273486;4891315;6511342;8112370;9717038;11361110;12997517;
75;1654538;3272893;4886345;6545788;8113631;9729037;11343242;12966586;
76;1652415;3274724;4920490;6510595;8131026;9758886;11333555;12975062;
77;1652446;3273391;4891041;6514328;8135386;9723919;11373828;12955907;
78;1655355;3276245;4893196;6515053;8113700;9727700;11338431;12955653;
79;1656510;3270487;4892539;6516484;8127779;9767090;11367999;12991499;
80;1657415;3272137;4903242;6520689;8154981;9725738;11333308;12961277;
81;1655324;3273151;4894848;6517676;8126791;9721680;11328149;12992591;
82;1655251;3282098;4920828;6525198;8121294;9760155;11378026;12966340;
83;1654851;3276601;4898029;6521814;8156083;9715068;11329691;12995096;
84;1653849;3280143;4897779;6540449;8119262;9719448;11366805;12951321;
85;1656063;3273456;4888721;6519940;8125856;9763827;11329024;12998399;
86;1655197;3270272;4888284;6518838;8109365;9719706;11334317;12969370;
87;1656285;3275567;4921763;6521853;8137747;9717448;11364946;12995330;
88;1683466;3273750;4893932;6555099;8116225;9750346;11336165;12966675;
89;1653441;3275462;4894667;6525389;8117279;9715328;11376642;12955308;
90;1657578;3281054;4902497;6512302;8142557;9747877;11338139;12997231;
91;1654768;3271998;4888160;6526977;8108383;9713680;11333762;12956233;
92;1655497;3274801;4888312;6547938;8108277;9719681;11370325;12989627;
93;1655277;3270200;4916199;6521075;8124232;9746603;11337213;12968367;
94;1658484;3277579;4886808;6524937;8147992;9725822;11360713;13006620;
95;1655591;3270352;4886292;6519089;8117531;9715713;11334861;12972262;
96;1657072;3274524;4887522;6551307;8116756;9761952;11335356;12999905;
97;1653992;3266739;4889287;6525062;8147182;9716963;11362585;12970547;
98;1655608;3278938;4921140;6515441;8118936;9724951;11330970;12998826;
99;1656254;3281036;4888323;6518395;8126281;9757263;11364592;12964481;
100;1651726;3279904;4892469;6533163;8115772;9721417;11343539;12958282;