Experimento;pedido à resposta (microsseg);
1;263412;
2;270376;
3;264006;
4;266953;
5;270259;
6;260567;
7;266746;
8;268670;
9;260293;
10;267830;
11;266886;
12;263255;
13;261275;
14;262253;
15;259193;
16;262782;
17;259782;
18;260820;
19;259534;
20;258872;
21;262132;
22;260825;
23;260065;
24;261857;
25;265061;
26;263412;
27;264300;
28;275577;
29;269836;
30;262480;
31;269594;
32;263628;
33;258114;
34;267441;
35;263214;
36;260469;
37;259743;
38;263953;
39;268858;
40;262298;
41;262371;
42;262020;
43;263160;
44;269504;
45;265423;
46;269564;
47;265265;
48;265533;
49;260726;
50;286905;
51;266556;
52;264988;
53;256542;
54;265613;
55;260159;
56;262535;
57;262281;
58;264337;
59;264197;
60;268244;
61;266731;
62;270878;
63;261855;
64;259338;
65;266152;
66;258872;
67;268252;
68;265668;
69;265605;
70;266640;
71;259935;
72;266931;
73;260702;
74;261304;
75;261167;
76;267086;
77;265556;
78;268630;
79;265688;
80;263028;
81;259086;
82;259897;
83;259853;
84;259438;
85;262725;
86;260663;
87;264738;
88;263111;
89;266439;
90;270531;
91;266665;
92;273448;
93;263079;
94;263119;
95;259244;
96;261771;
97;263023;
98;260115;
99;266320;
100;259740;